Quantos pontos terão a matriz?
Ponto (1/120)
Entre com X: 
Entre com Y: 
Ponto (2/120)
Entre com X: 
Entre com Y: 
Ponto (3/120)
Entre com X: 
Entre com Y: 
Ponto (4/120)
Entre com X: 
Entre com Y: 
Ponto (5/120)
Entre com X: 
Entre com Y: 
Ponto (6/120)
Entre com X: 
Entre com Y: 
Ponto (7/120)
Entre com X: 
Entre com Y: 
Ponto (8/120)
Entre com X: 
Entre com Y: 
Ponto (9/120)
Entre com X: 
Entre com Y: 
Ponto (10/120)
Entre com X: 
Entre com Y: 
Ponto (11/120)
Entre com X: 
Entre com Y: 
Ponto (12/120)
Entre com X: 
Entre com Y: 
Ponto (13/120)
Entre com X: 
Entre com Y: 
Ponto (14/120)
Entre com X: 
Entre com Y: 
Ponto (15/120)
Entre com X: 
Entre com Y: 
Ponto (16/120)
Entre com X: 
Entre com Y: 
Ponto (17/120)
Entre com X: 
Entre com Y: 
Ponto (18/120)
Entre com X: 
Entre com Y: 
Ponto (19/120)
Entre com X: 
Entre com Y: 
Ponto (20/120)
Entre com X: 
Entre com Y: 
Ponto (21/120)
Entre com X: 
Entre com Y: 
Ponto (22/120)
Entre com X: 
Entre com Y: 
Ponto (23/120)
Entre com X: 
Entre com Y: 
Ponto (24/120)
Entre com X: 
Entre com Y: 
Ponto (25/120)
Entre com X: 
Entre com Y: 
Ponto (26/120)
Entre com X: 
Entre com Y: 
Ponto (27/120)
Entre com X: 
Entre com Y: 
Ponto (28/120)
Entre com X: 
Entre com Y: 
Ponto (29/120)
Entre com X: 
Entre com Y: 
Ponto (30/120)
Entre com X: 
Entre com Y: 
Ponto (31/120)
Entre com X: 
Entre com Y: 
Ponto (32/120)
Entre com X: 
Entre com Y: 
Ponto (33/120)
Entre com X: 
Entre com Y: 
Ponto (34/120)
Entre com X: 
Entre com Y: 
Ponto (35/120)
Entre com X: 
Entre com Y: 
Ponto (36/120)
Entre com X: 
Entre com Y: 
Ponto (37/120)
Entre com X: 
Entre com Y: 
Ponto (38/120)
Entre com X: 
Entre com Y: 
Ponto (39/120)
Entre com X: 
Entre com Y: 
Ponto (40/120)
Entre com X: 
Entre com Y: 
Ponto (41/120)
Entre com X: 
Entre com Y: 
Ponto (42/120)
Entre com X: 
Entre com Y: 
Ponto (43/120)
Entre com X: 
Entre com Y: 
Ponto (44/120)
Entre com X: 
Entre com Y: 
Ponto (45/120)
Entre com X: 
Entre com Y: 
Ponto (46/120)
Entre com X: 
Entre com Y: 
Ponto (47/120)
Entre com X: 
Entre com Y: 
Ponto (48/120)
Entre com X: 
Entre com Y: 
Ponto (49/120)
Entre com X: 
Entre com Y: 
Ponto (50/120)
Entre com X: 
Entre com Y: 
Ponto (51/120)
Entre com X: 
Entre com Y: 
Ponto (52/120)
Entre com X: 
Entre com Y: 
Ponto (53/120)
Entre com X: 
Entre com Y: 
Ponto (54/120)
Entre com X: 
Entre com Y: 
Ponto (55/120)
Entre com X: 
Entre com Y: 
Ponto (56/120)
Entre com X: 
Entre com Y: 
Ponto (57/120)
Entre com X: 
Entre com Y: 
Ponto (58/120)
Entre com X: 
Entre com Y: 
Ponto (59/120)
Entre com X: 
Entre com Y: 
Ponto (60/120)
Entre com X: 
Entre com Y: 
Ponto (61/120)
Entre com X: 
Entre com Y: 
Ponto (62/120)
Entre com X: 
Entre com Y: 
Ponto (63/120)
Entre com X: 
Entre com Y: 
Ponto (64/120)
Entre com X: 
Entre com Y: 
Ponto (65/120)
Entre com X: 
Entre com Y: 
Ponto (66/120)
Entre com X: 
Entre com Y: 
Ponto (67/120)
Entre com X: 
Entre com Y: 
Ponto (68/120)
Entre com X: 
Entre com Y: 
Ponto (69/120)
Entre com X: 
Entre com Y: 
Ponto (70/120)
Entre com X: 
Entre com Y: 
Ponto (71/120)
Entre com X: 
Entre com Y: 
Ponto (72/120)
Entre com X: 
Entre com Y: 
Ponto (73/120)
Entre com X: 
Entre com Y: 
Ponto (74/120)
Entre com X: 
Entre com Y: 
Ponto (75/120)
Entre com X: 
Entre com Y: 
Ponto (76/120)
Entre com X: 
Entre com Y: 
Ponto (77/120)
Entre com X: 
Entre com Y: 
Ponto (78/120)
Entre com X: 
Entre com Y: 
Ponto (79/120)
Entre com X: 
Entre com Y: 
Ponto (80/120)
Entre com X: 
Entre com Y: 
Ponto (81/120)
Entre com X: 
Entre com Y: 
Ponto (82/120)
Entre com X: 
Entre com Y: 
Ponto (83/120)
Entre com X: 
Entre com Y: 
Ponto (84/120)
Entre com X: 
Entre com Y: 
Ponto (85/120)
Entre com X: 
Entre com Y: 
Ponto (86/120)
Entre com X: 
Entre com Y: 
Ponto (87/120)
Entre com X: 
Entre com Y: 
Ponto (88/120)
Entre com X: 
Entre com Y: 
Ponto (89/120)
Entre com X: 
Entre com Y: 
Ponto (90/120)
Entre com X: 
Entre com Y: 
Ponto (91/120)
Entre com X: 
Entre com Y: 
Ponto (92/120)
Entre com X: 
Entre com Y: 
Ponto (93/120)
Entre com X: 
Entre com Y: 
Ponto (94/120)
Entre com X: 
Entre com Y: 
Ponto (95/120)
Entre com X: 
Entre com Y: 
Ponto (96/120)
Entre com X: 
Entre com Y: 
Ponto (97/120)
Entre com X: 
Entre com Y: 
Ponto (98/120)
Entre com X: 
Entre com Y: 
Ponto (99/120)
Entre com X: 
Entre com Y: 
Ponto (100/120)
Entre com X: 
Entre com Y: 
Ponto (101/120)
Entre com X: 
Entre com Y: 
Ponto (102/120)
Entre com X: 
Entre com Y: 
Ponto (103/120)
Entre com X: 
Entre com Y: 
Ponto (104/120)
Entre com X: 
Entre com Y: 
Ponto (105/120)
Entre com X: 
Entre com Y: 
Ponto (106/120)
Entre com X: 
Entre com Y: 
Ponto (107/120)
Entre com X: 
Entre com Y: 
Ponto (108/120)
Entre com X: 
Entre com Y: 
Ponto (109/120)
Entre com X: 
Entre com Y: 
Ponto (110/120)
Entre com X: 
Entre com Y: 
Ponto (111/120)
Entre com X: 
Entre com Y: 
Ponto (112/120)
Entre com X: 
Entre com Y: 
Ponto (113/120)
Entre com X: 
Entre com Y: 
Ponto (114/120)
Entre com X: 
Entre com Y: 
Ponto (115/120)
Entre com X: 
Entre com Y: 
Ponto (116/120)
Entre com X: 
Entre com Y: 
Ponto (117/120)
Entre com X: 
Entre com Y: 
Ponto (118/120)
Entre com X: 
Entre com Y: 
Ponto (119/120)
Entre com X: 
Entre com Y: 
Ponto (120/120)
Entre com X: 
Entre com Y: 
Entrei
0.00 3619.07 7374.62 10050.95 5584.29 4498.72 5432.10 7987.52 8025.49 8190.85 4227.61 9278.98 5958.82 9026.99 4174.41 8215.23 2616.83 5196.75 5206.97 6040.24 6737.51 745.98 9370.52 6353.37 5718.91 4585.03 5474.81 8489.66 8516.16 8092.33 9405.63 4545.75 2870.76 5562.44 920.01 8542.60 2481.80 4274.06 3303.83 4233.65 7855.84 4114.65 6015.55 3339.22 3356.02 9823.83 7367.97 7946.84 9131.87 3506.97 4991.78 8044.17 11109.12 8084.20 8176.24 4823.52 4593.38 4750.16 10302.12 2234.33 9516.87 5721.21 9339.32 3925.50 5146.72 7371.33 5907.91 2049.15 5539.04 9751.15 4527.85 3679.39 8103.61 2303.84 7921.39 6325.08 6993.93 3930.45 5147.65 4341.02 9383.43 3916.54 8048.97 8547.63 7818.10 9583.90 5961.11 5229.82 5208.11 4020.77 4957.15 2958.71 9502.77 3568.38 4263.09 5325.96 6445.87 3691.39 4850.74 3172.95 9039.76 6621.71 7976.49 5632.34 9779.38 7976.68 8287.50 8691.67 9782.26 4782.75 6078.29 7616.88 7534.07 5885.30 9090.34 8890.19 8403.92 8830.21 5386.12 6310.97 
3619.07 0.00 4911.42 6485.72 4842.10 1518.33 2137.65 4377.15 4438.56 5974.47 4033.54 6111.33 5130.48 5502.39 3742.52 4605.48 1139.81 5365.25 2636.60 4818.06 4470.44 3401.29 5964.33 2842.11 2123.58 4200.13 4167.70 4874.04 6200.65 4522.17 5915.39 1950.17 3382.29 2157.56 3177.22 5094.04 1147.82 2038.51 1311.61 3411.58 4594.99 1186.37 3476.13 4497.01 3077.63 6532.44 4322.35 4802.23 5534.40 2300.70 2820.70 4445.73 7657.44 4465.13 4557.76 2330.24 1093.59 1271.68 6698.86 2048.92 6386.97 3409.68 5725.90 1096.77 1552.11 3762.88 3087.25 2880.86 2035.08 6263.92 1617.42 4150.08 5116.82 3670.44 4302.40 4720.68 3821.62 4235.40 4330.40 909.36 5856.14 4785.05 4860.91 5539.23 4637.80 6304.92 3232.84 1822.53 4442.50 5800.56 3191.84 2661.85 5888.76 907.78 5277.94 4200.80 2827.87 2053.16 3452.05 3314.90 5422.94 3904.21 4359.61 2013.29 7179.45 4552.62 4938.79 5982.93 6365.19 1270.14 4226.55 4791.35 4143.78 4606.18 5474.30 6082.45 5682.67 5583.16 3514.66 3645.66 
7374.62 4911.42 0.00 6932.77 3149.37 5915.00 5724.47 5112.37 4035.92 1123.29 4003.72 2644.15 9843.45 6569.83 8633.57 5232.97 5139.35 10260.95 2318.66 9416.27 8461.76 7576.84 7463.77 3288.89 3913.49 9075.47 8812.53 5216.96 1292.85 5670.98 3965.32 3048.17 4952.67 5484.10 6511.68 6707.53 5453.80 3181.09 6219.70 8272.38 7031.39 3761.75 1450.79 5527.24 4265.32 8284.11 1493.61 7451.20 5952.41 7199.01 7305.57 4187.57 8526.61 4779.47 4725.37 6758.99 5065.83 3857.74 6641.47 5151.89 2727.58 7631.69 5128.87 5825.81 4706.28 4899.34 1849.02 7596.30 5159.02 7300.10 6024.70 4768.20 1459.11 5709.34 4676.88 1773.05 6776.79 9145.83 9115.04 4065.57 6784.05 5245.34 2034.20 1751.95 1947.10 3186.86 7113.56 3391.98 3161.05 6604.05 7802.51 4501.51 5246.94 5779.68 5519.14 2702.47 4428.31 6918.26 2714.76 4599.51 5070.91 1062.02 4923.53 4326.89 2405.60 6482.71 6987.41 1374.71 3842.94 3919.41 1552.59 8036.48 2687.58 9205.86 5067.31 1651.34 1130.45 2590.33 8004.85 7456.10 
10050.95 6485.72 6932.77 0.00 9389.51 5667.77 4699.95 2205.92 2936.97 7793.39 9420.14 5198.80 7815.80 1090.80 7957.47 1990.34 7606.23 9118.79 6591.16 7184.31 5388.08 9691.94 1463.70 4403.01 4609.23 8104.26 6981.62 1839.19 7680.26 1963.76 3439.49 6670.27 9435.75 4519.67 9662.37 1756.63 7628.35 7077.00 6877.61 7519.10 2804.53 6510.19 6599.21 10499.11 8870.41 2055.31 5447.19 3078.93 1051.74 7217.00 5964.55 2800.77 1598.17 2331.14 2325.72 5744.30 5458.72 5637.60 688.82 8424.63 5424.46 5543.14 1900.60 6189.86 4933.63 2774.71 6104.20 8715.18 4512.86 821.03 5675.03 9910.30 5657.25 9942.96 2484.72 8320.16 3568.12 8785.13 7638.96 5996.15 767.76 10572.28 4970.13 5655.02 5004.06 4755.76 4881.91 5392.34 9160.74 11843.36 6415.63 8666.11 1840.54 6518.69 11025.04 8688.44 3736.82 6871.59 8132.43 9222.56 1873.77 6261.96 2306.38 4536.08 7438.39 2286.76 2271.04 6654.20 4012.68 5568.25 7806.80 4036.10 4270.97 7067.15 1887.35 6411.28 6528.63 4772.42 6207.64 4809.00 
5584.29 4842.10 3149.37 9389.51 0.00 6307.88 6603.58 7278.74 6482.68 3328.24 1370.83 5785.27 9889.10 8763.85 8302.12 7461.04 4335.93 9829.43 2898.53 9633.52 9247.44 6055.35 9545.76 5064.58 5218.89 8785.64 8977.50 7556.30 3704.89 7739.85 6918.06 3167.12 2719.51 6469.79 4667.35 8684.50 4673.80 2888.94 5984.20 8066.82 8655.36 3802.34 2804.43 2760.80 2286.17 10304.87 4242.63 8999.16 8343.35 6927.11 7661.59 6605.00 10915.31 7067.76 7064.27 7158.79 5601.71 4506.89 9251.83 3765.44 5876.95 8220.47 7796.15 5938.79 5588.63 6855.85 3286.17 6619.46 6188.99 9560.10 6416.16 2072.47 4546.10 3392.12 6923.40 1383.49 8115.67 8549.76 9051.96 4415.67 9050.45 2314.53 4974.90 4889.46 4812.58 6312.33 7932.32 4386.49 416.05 3577.04 8024.75 2772.11 7939.73 5707.13 2468.50 725.45 6051.68 6778.07 1442.23 2412.43 7649.56 3259.51 7132.14 5530.54 5116.72 8298.03 8792.38 4423.15 6911.19 4597.81 1692.94 9294.33 5238.96 9423.87 7664.57 4743.21 4237.35 5659.57 8356.59 8337.39 
4498.72 1518.33 5915.00 5667.77 6307.88 0.00 967.87 3811.14 4281.76 7027.35 5550.44 6552.62 3928.94 4603.38 2926.83 4023.40 2500.36 4508.10 3825.24 3514.07 2956.99 4055.64 4877.37 3103.70 2261.16 3299.58 2898.74 4335.20 7199.22 3763.00 5933.97 3246.45 4861.72 1172.55 4309.54 4068.65 2344.62 3437.93 1218.84 2501.94 3361.02 2523.61 4569.64 5966.54 4592.97 5330.61 5002.08 3483.34 4847.56 1698.27 1412.65 4234.31 6622.29 4035.95 4158.55 873.01 849.74 2070.01 6014.57 3448.78 6850.48 1912.62 5345.50 584.84 1339.80 3219.77 4075.00 3055.64 1302.24 5287.86 112.70 5657.95 5779.83 5069.86 3896.17 6040.80 2511.17 3629.89 3226.49 1967.59 4957.62 6284.03 5362.01 6156.44 5164.85 6617.08 1724.14 2528.01 5917.52 7241.24 1888.13 4164.63 5496.46 956.10 6776.49 5640.15 2498.57 1333.25 4888.04 4818.49 5014.79 4856.59 3864.30 1907.48 7990.19 3497.71 3789.56 6785.30 6490.13 2001.07 5510.65 3331.12 4459.03 3301.91 5075.11 6816.02 6494.38 5971.29 2123.94 2135.38 
5432.10 2137.65 5724.47 4699.95 6603.58 967.87 0.00 2888.52 3487.79 6847.70 6019.87 5979.79 4314.90 3636.38 3651.11 3093.14 3247.51 5142.06 3881.95 3800.68 2758.91 5014.23 3940.06 2606.00 1830.16 3955.93 3270.17 3410.66 6972.87 2803.33 5169.97 3441.61 5506.54 288.59 5179.85 3113.64 3157.91 3723.37 2182.50 3203.61 2478.10 2830.72 4503.49 6623.85 5142.95 4438.73 4619.75 2665.19 3890.61 2592.96 1776.73 3419.57 5677.12 3148.11 3277.38 1304.92 1073.45 2113.50 5053.78 4180.58 6283.51 1923.39 4449.06 1510.73 1055.59 2319.37 3956.31 4019.84 586.98 4329.09 979.50 6233.09 5357.64 5805.94 3019.62 6134.88 1683.99 4417.78 3741.40 2198.91 3991.02 6882.84 4856.50 5694.83 4681.97 5975.19 1400.62 2399.46 6238.43 7935.79 2324.77 4766.41 4594.86 1863.77 7374.52 5900.60 1742.00 2231.04 5161.49 5412.81 4114.96 4667.57 2960.21 1416.18 7613.42 2545.46 2867.52 6426.20 5761.82 2024.87 5579.93 2719.22 3887.33 3600.64 4176.96 6410.80 6148.65 5383.80 2394.93 1775.11 
7987.52 4377.15 5112.37 2205.92 7278.74 3811.14 2888.52 0.00 1202.71 6103.76 7232.45 4066.93 6783.14 1494.54 6477.33 228.55 5470.43 7861.22 4428.65 6181.95 4575.08 7693.93 2354.57 2228.96 2411.22 6726.01 5805.96 524.06 6069.37 582.87 2673.02 4468.96 7231.25 2643.31 7535.07 1618.25 5524.81 4874.42 4959.78 6026.18 2244.68 4310.36 4533.43 8293.21 6664.77 3171.90 3633.32 2690.25 1179.98 5480.30 4493.71 1047.94 3646.77 427.80 557.31 4129.25 3420.94 3445.18 2324.85 6253.82 4355.49 4301.03 1581.50 4258.75 2841.89 616.73 4003.01 6843.46 2536.32 2282.16 3847.18 7707.95 4062.86 7748.41 454.34 6301.51 2492.18 7271.83 6392.15 3815.38 1771.86 8371.12 3376.77 4205.23 3327.16 3824.98 3592.02 3186.45 7025.14 9637.60 5018.47 6462.47 1717.93 4547.84 8827.19 6565.22 1562.18 5117.08 5973.91 7016.63 1246.27 4290.07 204.28 2378.31 6172.88 1551.21 2003.16 5169.70 3336.03 3379.46 5763.13 3554.14 2453.53 6017.81 1310.43 5006.14 4974.14 3503.06 4937.00 3700.76 
8025.49 4438.56 4035.92 2936.97 6482.68 4281.76 3487.79 1202.71 0.00 4972.91 6630.27 2879.13 7670.35 2553.35 7136.51 1253.06 5420.35 8619.68 3774.22 7095.52 5602.29 7839.29 3470.11 1731.39 2315.13 7441.65 6653.96 1184.15 4913.26 1783.56 1687.79 3997.78 6841.24 3205.37 7454.52 2805.36 5547.68 4405.34 5294.03 6690.37 3424.18 4046.84 3680.53 7839.34 6213.77 4298.28 2542.31 3871.36 1922.97 5978.38 5233.27 158.96 4512.88 794.59 707.69 4791.58 3683.78 3285.26 2772.91 6077.12 3172.88 5174.69 1398.05 4613.87 3062.13 1349.87 3213.85 7164.95 2990.35 3264.80 4345.14 7191.49 2888.80 7439.08 754.57 5384.06 3549.36 7888.79 7188.73 3692.28 2749.81 7837.77 2195.12 3008.19 2168.56 2682.85 4482.41 2865.87 6276.34 9161.96 5778.29 6097.50 1559.80 4834.75 8266.04 5794.49 1783.19 5614.22 5286.21 6583.26 1183.76 3325.00 998.50 2487.43 4970.47 2746.52 3205.77 3982.03 2308.37 3245.99 4875.43 4694.34 1349.52 6916.18 1209.61 3808.42 3798.05 2305.85 5768.63 4663.61 
8190.85 5974.47 1123.29 7793.39 3328.24 7027.35 6847.70 6103.76 4972.91 0.00 4455.39 2995.74 10953.76 7525.95 9711.10 6205.05 6106.45 11337.01 3345.74 10533.25 9583.23 8458.97 8437.34 4391.03 5034.84 10159.25 9925.97 6155.57 376.65 6674.84 4601.17 4064.40 5584.86 6606.66 7298.66 7715.70 6433.29 4138.05 7285.99 9359.17 8097.63 4804.82 2499.38 5979.67 4935.07 9263.61 2480.03 8523.85 6856.62 8271.93 8422.48 5129.60 9391.37 5745.26 5676.98 7875.69 6179.24 4963.59 7438.00 6008.44 2962.63 8754.62 5931.36 6919.56 5828.74 5941.49 2953.15 8581.60 6281.57 8225.34 7137.63 5232.26 2138.44 6339.75 5657.49 2027.47 7876.31 10198.33 10216.64 5152.13 7715.07 5606.61 2823.60 2226.53 2808.83 3571.90 8236.11 4509.50 3476.40 6904.00 8915.46 5250.03 6031.89 6856.71 5795.92 3108.33 5525.29 8001.17 3367.53 5229.63 5919.62 2183.66 5908.24 5448.74 1788.50 7525.26 8025.81 1348.63 4330.63 5028.09 2122.02 9135.48 3650.77 10322.45 5907.31 1688.45 1332.56 3157.72 9123.48 8576.94 
4227.61 4033.54 4003.72 9420.14 1370.83 5550.44 6019.87 7232.45 6630.27 4455.39 0.00 6514.42 8871.76 8666.78 7207.64 7437.16 3293.41 8676.29 2856.05 8676.81 8503.76 4728.79 9364.06 5017.39 4945.08 7691.54 8020.23 7587.12 4824.37 7620.73 7374.35 2790.26 1356.94 5939.73 3315.38 8479.01 3607.11 2406.07 5014.35 7016.82 8283.25 3209.61 3162.52 1532.28 1056.36 10070.20 4750.14 8579.69 8369.80 5896.42 6816.18 6729.16 10867.70 7096.16 7119.74 6353.17 4959.15 4050.32 9382.34 2566.23 6658.03 7438.13 8010.34 5100.23 5091.50 6730.51 3472.18 5394.69 5699.27 9472.90 5650.79 777.51 5235.18 2022.94 6938.22 2428.77 7640.06 7376.50 8019.61 3843.89 8982.59 1272.60 5519.40 5633.96 5321.93 6989.83 7250.49 4101.61 1039.20 2649.97 7117.22 1564.87 8165.48 4815.88 1646.57 1347.85 5832.05 5797.97 1407.49 1075.62 7813.72 3756.68 7115.50 5176.81 6219.37 8029.68 8499.25 5365.71 7485.21 4139.31 2454.05 8738.50 5537.22 8472.51 7839.55 5654.74 5134.04 6275.80 7482.71 7663.08 
9278.98 6111.33 2644.15 5198.80 5785.27 6552.62 5979.79 4066.93 2879.13 2995.74 6514.42 0.00 10291.05 5225.57 9477.17 4072.86 6752.47 11056.13 4118.99 9756.20 8395.62 9311.84 6153.94 3449.51 4292.96 9849.21 9248.71 3898.86 2754.13 4635.91 1773.31 4736.19 7260.00 5693.33 8510.34 5616.48 6998.05 5040.84 7282.23 9054.49 6302.66 5217.42 3440.52 7995.35 6559.31 6969.06 1917.61 6749.76 4427.60 8150.11 7751.40 3026.05 6758.11 3642.19 3525.73 7246.27 5772.55 4845.29 4720.59 7072.19 305.15 7836.29 3303.61 6700.67 5213.18 4191.27 3392.50 8991.16 5405.27 5787.33 6642.77 7246.57 1280.22 7989.86 3630.14 4415.99 6389.56 10143.37 9708.45 5206.61 5318.88 7782.61 1252.82 895.95 1480.39 576.16 7181.49 4290.82 5764.12 9157.24 8296.97 6669.79 3358.94 6800.67 8096.77 5285.26 4272.89 7808.43 5133.73 6924.87 3406.35 2805.77 3865.25 4652.78 2239.81 5618.01 6061.08 1659.12 1356.31 4860.53 4132.79 7565.81 2099.18 9562.94 3372.26 1339.11 1681.87 600.59 8368.62 7419.23 
5958.82 5130.48 9843.45 7815.80 9889.10 3928.94 4314.90 6783.14 7670.35 10953.76 8871.76 10291.05 0.00 6781.79 1793.13 6927.20 5584.37 1521.97 7702.03 631.78 2441.38 5221.95 6484.50 6907.51 6094.76 1379.18 1047.29 7243.63 11128.15 6437.33 9350.37 7061.59 7815.57 4599.47 6382.76 6082.02 5264.76 7168.00 3906.27 1866.29 5017.71 6301.13 8482.08 8765.34 7820.68 6421.85 8888.26 4747.89 7413.66 2975.99 2567.73 7572.71 8027.05 7150.58 7290.62 3104.79 4778.62 5990.73 8394.95 6352.59 10595.33 2496.91 8333.65 4075.39 5199.29 6357.09 8000.61 3928.12 4896.66 7117.20 3819.96 8726.94 9647.74 7685.99 7064.21 9850.04 4366.58 2172.29 858.48 5835.02 7055.92 9237.27 9168.65 9999.39 8989.54 10261.79 3198.68 6456.39 9477.10 9795.99 2045.36 7318.92 8449.01 4225.91 9695.83 9292.27 6025.97 3113.11 8554.45 7916.30 8006.42 8785.51 6923.77 5695.44 11886.82 5628.58 5545.90 10687.14 9978.47 5925.69 9347.36 3836.79 8201.86 766.92 8071.27 10696.23 10400.61 9693.33 1922.49 3099.42 
9026.99 5502.39 6569.83 1090.80 8763.85 4603.38 3636.38 1494.54 2553.35 7525.95 8666.78 5225.57 6781.79 0.00 6870.12 1341.78 6635.33 8054.63 5897.08 6152.08 4375.25 8644.39 931.38 3701.97 3753.59 7024.33 5920.61 1375.43 7463.98 1047.02 3579.31 5882.91 8572.56 3471.68 8676.46 701.12 6634.45 6281.10 5818.55 6430.61 1766.99 5638.33 6027.65 9657.81 8041.70 1756.88 5079.77 2097.64 849.21 6131.34 4874.81 2396.36 2209.79 1790.43 1849.52 4654.92 4448.23 4753.45 1613.21 7485.28 5488.28 4466.34 2054.61 5137.77 3957.57 1936.31 5494.50 7641.59 3493.17 806.14 4605.64 9105.61 5434.37 9039.54 1900.54 7795.77 2486.65 7697.04 6571.58 5086.74 356.47 9772.11 4737.85 5517.62 4721.42 4872.56 3797.36 4577.29 8501.99 11004.91 5330.17 7799.72 2083.90 5475.17 10237.72 8047.43 2860.23 5788.13 7440.46 8381.80 1850.06 5777.92 1663.19 3618.37 7425.25 1198.69 1256.29 6508.30 4224.84 4677.33 7257.64 3071.65 3886.65 6025.92 1896.62 6309.17 6339.37 4717.24 5131.62 3740.52 
4174.41 3742.52 8633.57 7957.47 8302.12 2926.83 3651.11 6477.33 7136.51 9711.10 7207.64 9477.17 1793.13 6870.12 0.00 6662.78 3966.21 1627.50 6378.97 1897.75 3104.48 3443.38 6814.52 6027.67 5184.22 484.37 1435.70 6986.49 9926.09 6271.79 8813.50 5686.85 6088.60 3931.36 4592.75 6208.95 3629.34 5723.14 2434.34 451.16 5217.08 4926.08 7211.78 7004.06 6151.35 6967.56 7873.64 5088.20 7339.59 1442.08 2006.79 7070.59 8508.05 6776.12 6909.49 2356.43 3716.50 4813.25 8441.18 4653.63 9773.94 2458.49 8057.42 2833.16 4264.49 5945.86 6790.29 2136.09 4158.76 7379.23 2841.28 7006.52 8662.43 5916.76 6656.60 8408.24 4393.36 830.36 975.83 4568.84 7193.22 7491.61 8276.70 9053.24 8074.39 9542.33 3078.21 5338.41 7886.51 8009.00 1546.18 5643.62 8195.21 2854.79 7941.45 7749.33 5369.71 1718.97 7033.15 6214.75 7721.83 7602.42 6574.35 4833.86 10830.02 5671.54 5749.67 9623.72 9390.94 4766.46 7940.92 4376.53 7385.54 1772.59 7785.41 9681.89 9327.11 8897.58 1829.01 3213.96 
8215.23 4605.48 5232.97 1990.34 7461.04 4023.40 3093.14 228.55 1253.06 6205.05 7437.16 4072.86 6927.20 1341.78 6662.78 0.00 5698.92 8029.26 4623.43 6320.91 4685.35 7919.12 2233.57 2425.55 2635.45 6902.74 5960.64 323.97 6157.96 575.16 2606.57 4680.32 7451.17 2853.18 7763.59 1556.33 5753.17 5086.78 5178.75 6211.76 2281.87 4533.22 4702.24 8510.11 6880.70 3058.67 3746.06 2722.12 955.86 5686.06 4672.12 1094.19 3455.94 461.24 552.89 4320.28 3645.97 3670.30 2096.36 6480.96 4355.60 4454.91 1411.41 4477.77 3069.18 843.93 4179.65 7060.97 2755.15 2110.48 4057.04 7920.20 4139.19 7972.28 558.76 6462.56 2604.03 7461.66 6555.71 4042.07 1594.78 8582.54 3447.14 4259.26 3411.92 3801.01 3745.59 3403.64 7213.56 9853.77 5191.84 6683.12 1538.52 4769.92 9036.67 6750.19 1790.38 5323.64 6168.31 7233.96 1080.29 4437.44 328.98 2606.76 6211.20 1571.95 1990.21 5235.09 3272.76 3605.25 5928.81 3616.10 2556.51 6160.80 1145.15 5058.67 5049.42 3522.48 5097.42 3835.21 
2616.83 1139.81 5139.35 7606.23 4335.93 2500.36 3247.51 5470.43 5420.35 6106.45 3293.41 6752.47 5584.37 6635.33 3966.21 5698.92 0.00 5509.53 2834.42 5384.53 5351.04 2559.81 7103.93 3737.03 3129.55 4449.71 4728.48 5955.15 6383.76 5644.79 6790.92 2111.48 2392.00 3288.98 2064.90 6233.77 345.36 1968.98 1730.40 3740.34 5719.70 1535.90 3698.62 3479.28 2252.58 7665.59 4868.98 5909.46 6638.69 2608.78 3593.88 5445.65 8796.22 5526.87 5610.21 3186.11 2229.33 2137.17 7795.28 948.47 7006.29 4266.00 6754.46 1954.56 2678.41 4861.37 3463.42 2477.97 3174.87 7400.97 2579.19 3243.56 5637.77 2572.98 5361.53 4540.43 4926.71 4254.33 4736.34 1728.70 6988.08 3835.53 5506.11 6077.91 5275.83 7019.99 4214.00 2614.01 3920.39 4741.15 3845.61 1766.45 6918.72 1612.99 4323.74 3795.96 3909.77 2506.22 3101.47 2402.90 6463.79 4243.74 5438.56 3092.28 7515.08 5692.12 6074.41 6359.16 7180.38 2174.39 4132.30 5830.54 4931.41 5181.16 6511.87 6513.14 6061.17 6273.01 4228.25 4620.40 
5196.75 5365.25 10260.95 9118.79 9829.43 4508.10 5142.06 7861.22 8619.68 11337.01 8676.29 11056.13 1521.97 8054.63 1627.50 8029.26 5509.53 0.00 8001.67 2083.90 3845.17 4454.36 7850.50 7609.98 6768.62 1208.78 2138.00 8352.23 11553.40 7586.95 10306.32 7304.55 7482.55 5429.29 5799.18 7364.78 5166.08 7326.33 4054.44 2013.18 6317.33 6546.08 8837.64 8309.83 7623.63 7856.54 9487.35 6098.32 8617.20 3065.25 3388.74 8541.36 9451.90 8192.83 8330.08 3839.34 5320.83 6437.76 9660.54 6110.26 11355.35 3604.56 9439.23 4455.81 5847.16 7370.88 8417.76 3342.27 5684.30 8463.05 4414.90 8401.98 10273.32 7210.80 8086.43 10002.86 5579.16 1312.58 1485.54 6196.34 8351.81 8833.08 9870.05 10658.53 9671.87 11096.77 4303.92 6958.97 9413.45 9190.48 2849.09 7114.82 9567.46 4481.70 9257.43 9305.47 6882.52 3345.60 8603.20 7647.10 9105.43 9229.69 7978.54 6403.54 12451.99 6869.35 6854.42 11245.38 10903.73 6389.42 9546.30 5240.35 8958.66 2128.88 9169.99 11298.23 10949.43 10470.60 2943.88 4314.23 
5206.97 2636.60 2318.66 6591.16 2898.53 3825.24 3881.95 4428.65 3774.22 3345.74 2856.05 4118.99 7702.03 5897.08 6378.97 4623.43 2834.42 8001.67 0.00 7329.44 6623.38 5328.43 6656.29 2199.71 2332.60 6834.38 6698.38 4752.68 3590.32 4862.10 4627.48 729.74 3228.15 3702.91 4403.87 5789.71 3140.96 933.36 3947.34 6040.80 5771.28 1459.48 868.58 4125.91 2545.98 7408.48 2204.10 6128.28 5539.42 4937.28 5237.78 3873.87 8075.42 4260.62 4276.48 4696.74 3008.07 1788.43 6529.90 2977.10 4337.13 5676.04 5156.53 3629.82 2828.82 3972.86 731.70 5279.06 3398.00 6699.36 3937.92 3440.79 2903.52 3921.24 4106.60 2253.23 5277.50 6852.67 6931.74 1868.89 6196.60 4074.50 2940.80 3347.12 2716.35 4488.85 5269.98 1525.92 2609.60 5419.49 5692.44 2573.17 5312.70 3531.26 4493.92 2173.52 3153.18 4680.24 1545.25 2922.55 4957.69 1422.76 4297.13 2670.23 4680.72 5399.65 5894.89 3529.89 4839.81 1871.50 1702.07 6492.47 2731.86 7116.54 4983.56 3700.12 3233.74 3734.25 5949.17 5655.77 
6040.24 4818.06 9416.27 7184.31 9633.52 3514.07 3800.68 6181.95 7095.52 10533.25 8676.81 9756.20 631.78 6152.08 1897.75 6320.91 5384.53 2083.90 7329.44 0.00 1811.06 5320.83 5853.83 6405.58 5608.69 1602.89 657.34 6635.45 10693.14 5823.46 8769.66 6715.93 7686.55 4080.03 6378.87 5451.97 5081.74 6852.67 3665.84 1816.45 4387.21 5964.20 8083.69 8678.17 7636.25 5801.93 8407.04 4116.18 6790.37 2813.25 2110.78 6993.53 7405.27 6555.92 6696.18 2657.56 4356.94 5583.86 7765.11 6206.16 10061.07 1925.87 7724.17 3734.22 4732.62 5771.51 7584.36 3991.12 4386.99 6485.71 3402.28 8585.69 9155.15 7617.90 6474.21 9515.15 3747.49 2472.37 941.50 5461.60 6424.82 9124.63 8655.34 9495.51 8482.55 9708.50 2613.62 6024.35 9225.78 9765.48 1638.37 7143.10 7837.15 3929.69 9594.14 9012.82 5483.92 2878.85 8267.12 7760.04 7398.63 8354.96 6327.06 5202.28 11405.37 5002.80 4914.69 10211.40 9403.60 5513.70 8998.78 3208.37 7676.44 213.03 7463.42 10207.11 9928.79 9156.81 1417.37 2486.76 
6737.51 4470.44 8461.76 5388.08 9247.44 2956.99 2758.91 4575.08 5602.29 9583.23 8503.76 8395.62 2441.38 4375.25 3104.48 4685.35 5351.04 3845.17 6623.38 1811.06 0.00 6098.82 4043.14 5244.99 4548.41 3047.21 1769.47 4986.41 9690.02 4151.90 7230.24 6128.68 7742.98 2981.11 6840.26 3674.25 5122.99 6362.31 3695.02 2777.06 2609.26 5446.34 7262.40 8823.39 7529.69 4011.47 7274.23 2311.61 5055.82 3230.59 1795.53 5481.97 5607.82 4976.85 5116.24 2167.11 3655.73 4837.88 5984.28 6278.88 8699.60 1086.17 6059.66 3418.61 3811.48 4252.59 6714.00 4785.11 3305.53 4677.49 2854.24 8576.43 7965.54 7851.52 4919.40 8875.24 2083.17 3885.15 2443.90 4847.09 4634.13 9184.13 7394.13 8257.89 7249.02 8275.04 1358.41 5157.84 8863.00 10043.34 1793.59 7082.41 6159.94 3739.69 9673.70 8566.03 4184.30 3080.16 7816.12 7733.44 5744.88 7411.30 4741.08 4134.92 10227.94 3262.66 3125.70 9068.89 7883.86 4752.93 8325.12 1399.71 6384.80 1722.29 5808.92 9015.37 8804.63 7796.66 1374.71 1008.95 
745.98 3401.29 7576.84 9691.94 6055.35 4055.64 5014.23 7693.93 7839.29 8458.97 4728.79 9311.84 5221.95 8644.39 3443.38 7919.12 2559.81 4454.36 5328.43 5320.83 6098.82 0.00 8927.33 6222.38 5524.73 3845.79 4769.61 8207.00 8767.53 7749.32 9296.86 4628.40 3388.70 5174.14 1459.32 8124.15 2337.64 4410.98 2837.54 3524.84 7378.35 4095.68 6171.20 3989.70 3779.34 9336.59 7422.82 7437.13 8811.21 2882.40 4389.73 7843.57 10675.23 7826.79 7927.75 4275.81 4273.16 4617.83 9985.16 2452.99 9564.10 5111.49 9108.53 3506.83 4861.62 7077.94 5995.63 1340.64 5190.04 9342.46 4069.42 4252.27 8184.12 2915.49 7667.93 6674.31 6505.54 3184.57 4418.54 4213.70 9000.21 4554.20 8065.92 8626.09 7835.63 9577.21 5406.54 5133.79 5662.74 4747.86 4307.69 3329.27 9269.98 3173.39 4928.42 5726.23 6184.57 3107.05 5182.79 3654.73 8798.09 6750.97 7700.87 5386.93 9978.50 7553.35 7832.67 8853.48 9714.98 4636.78 6375.31 7045.31 7469.77 5171.41 8851.71 9028.31 8559.42 8831.77 4733.79 5736.89 
9370.52 5964.33 7463.77 1463.70 9545.76 4877.37 3940.06 2354.57 3470.11 8437.34 9364.06 6153.94 6484.50 931.38 6814.52 2233.57 7103.93 7850.50 6656.29 5853.83 4043.14 8927.33 0.00 4487.45 4419.17 6905.79 5718.15 2301.19 8383.36 1822.83 4489.48 6574.13 9168.94 3834.93 9101.26 889.77 7062.01 6960.88 6091.26 6393.60 1608.55 6252.06 6852.37 10271.25 8676.97 828.55 5979.10 1752.72 1743.84 6259.86 4879.56 3311.94 1750.81 2692.25 2762.93 4760.51 4877.45 5367.36 2142.45 7994.57 6414.28 4358.22 2942.05 5445.25 4464.06 2691.90 6305.29 7833.46 3929.57 659.97 4858.41 9757.14 6356.79 9586.06 2787.17 8631.45 2477.05 7644.30 6390.27 5664.96 886.60 10424.48 5661.04 6447.01 5638.21 5791.63 3759.85 5263.04 9265.70 11615.42 5271.58 8397.89 2950.67 5803.19 10899.47 8823.93 3533.74 5939.81 8189.01 9002.90 2764.43 6639.65 2540.37 4218.98 8356.48 1411.95 1102.34 7436.13 5125.89 5284.96 8085.05 2654.54 4790.04 5754.61 2807.15 7239.54 7263.68 5648.42 5008.38 3603.73 
6353.37 2842.11 3288.89 4403.01 5064.58 3103.70 2606.00 2228.96 1731.39 4391.03 5017.39 3449.51 6907.51 3701.97 6027.67 2425.55 3737.03 7609.98 2199.71 6405.58 5244.99 6222.38 4487.45 0.00 843.52 6402.12 5860.31 2570.59 4464.42 2675.47 3075.63 2296.69 5127.05 2331.95 5744.99 3640.74 3896.14 2706.50 3886.59 5605.62 3786.22 2319.00 2386.81 6148.10 4516.83 5262.97 2030.75 4190.52 3352.41 4713.68 4344.61 1790.79 5875.72 2080.78 2112.61 3823.11 2330.62 1607.59 4388.50 4352.71 3746.83 4521.24 3121.35 3269.89 1763.95 1795.67 1825.76 5684.36 2019.09 4502.11 3195.15 5526.91 2752.26 5711.30 1921.35 4170.88 3487.92 6701.07 6284.00 2015.75 3997.52 6183.81 2268.13 3092.05 2082.62 3543.10 3928.68 1140.95 4800.25 7482.24 4883.50 4375.75 3284.90 3405.98 6629.15 4346.28 1141.41 4366.61 3744.96 4881.23 2873.22 2297.05 2100.84 1215.89 5011.48 3308.81 3815.51 3832.89 3529.70 1585.60 3615.08 4747.62 1364.50 6204.14 2909.84 3805.94 3562.78 2872.31 4994.97 4236.50 
5718.91 2123.58 3913.49 4609.23 5218.89 2261.16 1830.16 2411.22 2315.13 5034.84 4945.08 4292.96 6094.76 3753.59 5184.22 2635.45 3129.55 6768.62 2332.60 5608.69 4548.41 5524.73 4419.17 843.52 0.00 5560.40 5047.78 2861.66 5148.18 2709.03 3829.20 2155.96 4830.52 1575.70 5185.25 3534.04 3237.80 2542.08 3070.97 4762.84 3439.13 1900.96 2786.06 5906.89 4288.15 5132.36 2798.36 3797.37 3590.92 3875.31 3527.45 2326.19 5963.38 2411.46 2487.03 2997.98 1492.45 1036.38 4716.15 3858.62 4589.97 3753.12 3625.35 2436.70 921.49 1838.84 2216.53 4900.81 1251.36 4556.95 2353.85 5354.19 3553.07 5337.20 2244.75 4517.45 2973.13 5859.60 5453.62 1421.31 4085.12 6021.22 3103.42 3912.08 2910.71 4379.12 3203.41 847.70 4904.81 7253.79 4060.93 4059.24 3789.48 2594.05 6490.38 4493.86 894.11 3526.02 3813.12 4630.07 3334.77 2866.62 2347.64 415.39 5796.89 3098.90 3583.51 4603.34 4325.37 976.01 3952.94 4214.12 2205.52 5404.26 3382.46 4601.85 4322.75 3715.35 4192.85 3542.66 
4585.03 4200.13 9075.47 8104.26 8785.64 3299.58 3955.93 6726.01 7441.65 10159.25 7691.54 9849.21 1379.18 7024.33 484.37 6902.74 4449.71 1208.78 6834.38 1602.89 3047.21 3845.79 6905.79 6402.12 5560.40 0.00 1287.83 7226.64 10368.32 6485.15 9125.65 6148.26 6567.13 4241.45 5042.11 6348.48 4113.31 6193.58 2897.72 807.37 5328.17 5385.80 7660.83 7473.21 6635.22 7002.00 8280.68 5160.68 7537.27 1905.59 2232.59 7368.26 8568.26 7042.83 7178.51 2651.02 4112.89 5239.92 8614.32 5136.27 10148.07 2562.47 8307.35 3257.46 4638.91 6215.84 7229.07 2568.00 4488.10 7491.89 3206.97 7485.71 9065.78 6383.09 6930.36 8880.91 4537.73 876.81 667.80 5010.11 7336.98 7965.54 8661.40 9450.06 8463.09 9895.37 3230.75 5756.50 8370.09 8460.79 1714.67 6127.35 8440.42 3304.23 8412.64 8230.44 5691.86 2158.12 7512.37 6696.53 7972.26 8038.38 6833.98 5197.23 11249.49 5827.75 5865.29 10042.76 9715.76 5189.54 8409.31 4385.01 7752.47 1521.67 8036.43 10092.34 9747.46 9264.69 1901.05 3308.25 
5474.81 4167.70 8812.53 6981.62 8977.50 2898.74 3270.17 5805.96 6653.96 9925.97 8020.23 9248.71 1047.29 5920.61 1435.70 5960.64 4728.48 2138.00 6698.38 657.34 1769.47 4769.61 5718.15 5860.31 5047.78 1287.83 0.00 6280.76 10094.46 5492.79 8338.39 6075.28 7038.37 3555.66 5770.61 5228.74 4427.49 6204.33 3008.57 1245.24 4179.41 5320.53 7464.14 8038.43 6980.59 5759.55 7842.15 3965.43 6502.66 2168.54 1521.59 6561.01 7342.54 6160.63 6300.02 2061.66 3746.91 4966.98 7529.20 5556.09 9552.74 1505.72 7371.55 3089.08 4154.42 5355.43 6973.74 3430.42 3850.65 6326.51 2788.34 7934.89 8600.66 6984.44 6067.19 8872.62 3454.37 2149.21 678.50 4829.50 6214.96 8478.75 8122.08 8952.14 7942.46 9227.27 2215.07 5422.12 8569.41 9141.55 1010.70 6488.41 7493.01 3275.74 8950.33 8359.13 4988.55 2222.39 7614.32 7107.42 7040.82 7752.91 5937.83 4648.16 10840.97 4740.37 4716.43 9642.05 8959.98 4899.45 8360.09 3136.22 7157.50 453.07 7105.66 9649.44 9356.19 8651.67 886.40 2183.17 
8489.66 4874.04 5216.96 1839.19 7556.30 4335.20 3410.66 524.06 1184.15 6155.57 7587.12 3898.86 7243.63 1375.43 6986.49 323.97 5955.15 8352.23 4752.68 6635.45 4986.41 8207.00 2301.19 2570.59 2861.66 7226.64 6280.76 0.00 6089.20 841.62 2359.59 4853.50 7650.21 3167.06 8019.83 1722.29 6020.48 5262.23 5481.96 6535.45 2537.72 4747.93 4774.87 8697.05 7065.45 3129.41 3723.70 2970.53 788.21 6003.08 4996.09 1029.93 3369.59 492.07 499.53 4643.07 3935.50 3897.87 1855.01 6718.62 4173.46 4775.11 1090.93 4780.98 3349.02 1131.30 4270.13 7366.35 3058.96 2083.57 4370.99 8091.93 4059.00 8188.59 649.31 6515.59 2908.87 7784.81 6877.94 4278.78 1567.09 8751.18 3362.43 4146.90 3348.56 3593.07 4065.92 3599.07 7322.95 10037.39 5515.56 6885.72 1215.24 5067.19 9199.09 6852.37 2047.65 5640.11 6293.32 7423.30 763.22 4470.44 516.72 2865.42 6071.86 1821.97 2202.70 5134.96 3025.26 3836.85 5991.97 3885.93 2529.39 6476.98 827.99 4941.26 4964.03 3368.16 5419.13 4148.92 
8516.16 6200.65 1292.85 7680.26 3704.89 7199.22 6972.87 6069.37 4913.26 376.65 4824.37 2754.13 11128.15 7463.98 9926.09 6157.96 6383.76 11553.40 3590.32 10693.14 9690.02 8767.53 8383.36 4464.42 5148.18 10368.32 10094.46 6089.20 0.00 6646.33 4418.51 4316.41 5938.67 6723.82 7629.47 7686.71 6705.86 4415.40 7510.14 9565.20 8115.62 5043.46 2729.00 6350.58 5282.42 9211.49 2488.15 8547.52 6768.55 8490.85 8583.40 5071.50 9275.79 5696.78 5620.61 8037.45 6349.53 5147.53 7297.55 6321.25 2691.84 8889.20 5800.69 7118.21 5970.65 5944.62 3141.08 8853.27 6399.21 8143.67 7308.29 5601.62 2033.62 6694.92 5618.56 2398.44 7934.34 10433.27 10405.00 5358.38 7638.13 5981.43 2730.24 2048.82 2746.10 3327.68 8351.03 4672.39 3850.52 7280.51 9085.30 5585.14 5893.28 7071.90 6172.48 3476.66 5586.00 8211.06 3711.54 5583.04 5809.37 2342.95 5870.53 5563.51 1411.90 7523.18 8018.99 1095.85 4104.57 5207.70 2465.43 9190.72 3620.09 10483.45 5793.17 1420.09 1154.97 2975.71 9279.14 8681.62 
8092.33 4522.17 5670.98 1963.76 7739.85 3763.00 2803.33 582.87 1783.56 6674.84 7620.73 4635.91 6437.33 1047.02 6271.79 575.16 5644.79 7586.95 4862.10 5823.46 4151.90 7749.32 1822.83 2675.47 2709.03 6485.15 5492.79 841.62 6646.33 0.00 3179.91 4836.01 7533.70 2595.74 7699.10 1041.01 5664.60 5234.09 4955.92 5822.57 1707.59 4599.37 5030.39 8615.31 6996.99 2624.66 4199.65 2147.05 1088.70 5378.76 4267.47 1627.46 3255.51 995.86 1110.44 3959.09 3498.96 3716.53 2251.58 6474.11 4921.39 3990.69 1908.64 4260.34 2970.15 891.70 4485.97 6818.51 2560.26 1852.90 3782.36 8059.21 4644.00 8012.69 1037.09 6808.71 2082.12 7083.24 6105.64 4058.91 1376.57 8725.57 3959.03 4788.01 3906.66 4374.14 3284.83 3530.34 7470.17 9962.34 4770.48 6761.17 2014.95 4577.69 9190.79 7020.63 1817.17 5022.18 6403.13 7338.76 1593.48 4821.81 786.68 2591.24 6753.98 996.79 1425.99 5752.21 3846.28 3642.29 6262.97 3047.60 3027.49 5670.46 1657.32 5588.88 5555.23 4077.93 4644.56 3338.03 
9405.63 5915.39 3965.32 3439.49 6918.06 5933.97 5169.97 2673.02 1687.79 4601.17 7374.35 1773.31 9350.37 3579.31 8813.50 2606.57 6790.92 10306.32 4627.48 8769.66 7230.24 9296.86 4489.48 3075.63 3829.20 9125.65 8338.39 2359.59 4418.51 3179.91 0.00 5059.16 7849.40 4885.58 8750.66 4061.40 6966.24 5438.51 6887.30 8369.08 4887.46 5308.56 4219.61 8742.11 7172.96 5284.91 2676.57 5325.26 2745.66 7622.65 6920.76 1777.80 4987.02 2257.55 2119.96 6474.75 5281.75 4679.28 2947.29 7324.63 1985.88 6853.54 1565.62 6225.83 4664.96 2999.78 3930.28 8730.00 4657.46 4068.01 6003.27 8033.24 2522.79 8518.94 2311.44 5633.42 5153.33 9555.88 8876.45 5085.01 3625.08 8637.33 1955.75 2375.99 2105.63 1319.14 6156.28 4177.05 6805.55 10006.00 7466.01 7159.41 1600.81 6415.81 9015.58 6310.09 3445.32 7260.89 5969.12 7549.62 1729.30 3672.04 2494.59 4077.73 4009.52 4174.57 4560.79 3337.97 666.43 4660.73 5226.23 6220.64 1918.17 8593.35 1683.40 3055.16 3274.30 1444.56 7453.77 6318.13 
4545.75 1950.17 3048.17 6670.27 3167.12 3246.45 3441.61 4468.96 3997.78 4064.40 2790.26 4736.19 7061.59 5882.91 5686.85 4680.32 2111.48 7304.55 729.74 6715.93 6128.68 4628.40 6574.13 2296.69 2155.96 6148.26 6075.28 4853.50 4316.41 4836.01 5059.16 0.00 2845.28 3302.68 3779.65 5689.86 2413.19 409.81 3252.52 5361.69 5538.92 764.21 1598.32 3851.44 2220.54 7286.31 2822.48 5861.77 5625.84 4245.09 4649.35 4073.93 8088.30 4368.20 4406.96 4118.19 2474.06 1340.08 6683.93 2338.42 4971.25 5138.35 5395.83 2988.19 2421.67 3948.10 1368.61 4549.39 3023.71 6688.91 3358.56 3240.12 3563.40 3472.28 4205.45 2800.19 4957.93 6139.28 6274.08 1285.48 6203.54 3902.29 3518.05 4006.95 3288.11 5064.15 4792.73 1311.35 2815.00 5186.48 5078.00 2115.36 5557.41 2855.55 4359.46 2459.33 3041.80 4003.15 1726.00 2586.95 5162.50 2132.78 4365.07 2409.34 5406.68 5248.74 5725.58 4247.71 5341.38 1431.12 2285.99 6127.40 3141.02 6502.96 5196.29 4405.87 3949.88 4307.29 5359.76 5192.04 
2870.76 3382.29 4952.67 9435.75 2719.51 4861.72 5506.54 7231.25 6841.24 5584.86 1356.94 7260.00 7815.57 8572.56 6088.60 7451.17 2392.00 7482.55 3228.15 7686.55 7742.98 3388.70 9168.94 5127.05 4830.52 6567.13 7038.37 7650.21 5938.67 7533.70 7849.40 2845.28 0.00 5489.32 1960.43 8280.27 2640.57 2441.35 4094.89 5949.30 7918.78 2934.44 3819.68 1117.70 701.08 9807.96 5382.18 8158.86 8405.89 4873.63 5981.79 6913.66 10779.51 7173.63 7222.85 5577.40 4437.22 3819.28 9496.90 1486.24 7444.94 6658.00 8238.99 4337.63 4725.72 6669.34 3947.66 4154.98 5305.24 9370.37 4948.26 920.33 5992.88 758.44 7008.22 3604.17 7184.90 6171.85 6957.17 3503.99 8910.04 1448.11 6141.71 6421.65 5923.45 7676.47 6585.13 4051.24 2356.70 2449.07 6206.18 772.93 8401.04 4003.95 1932.96 2542.78 5717.22 4837.60 2244.41 355.87 7999.78 4455.64 7147.90 4961.33 7292.14 7778.92 8210.65 6325.40 8065.27 3896.60 3478.87 8171.84 5940.25 7490.57 8035.29 6580.49 6064.53 6930.18 6601.15 6994.96 
5562.44 2157.56 5484.10 4519.67 6469.79 1172.55 288.59 2643.31 3205.37 6606.66 5939.73 5693.33 4599.47 3471.68 3931.36 2853.18 3288.98 5429.29 3702.91 4080.03 2981.11 5174.14 3834.93 2331.95 1575.70 4241.45 3555.66 3167.06 6723.82 2595.74 4885.58 3302.68 5489.32 0.00 5266.39 2985.68 3228.92 3605.55 2361.54 3485.01 2439.51 2733.47 4292.11 6606.77 5093.88 4376.61 4352.67 2671.04 3677.49 2840.19 2065.19 3140.00 5556.74 2886.45 3013.50 1590.86 1064.91 1963.59 4846.72 4206.09 5997.22 2189.82 4192.01 1670.25 882.69 2061.48 3737.48 4224.66 325.08 4188.97 1203.98 6187.27 5084.18 5823.89 2753.82 5951.61 1706.40 4691.76 4029.97 2097.91 3827.89 6843.07 4575.41 5416.78 4403.18 5686.67 1629.47 2197.89 6113.04 7929.83 2613.29 4737.84 4340.07 2003.50 7332.97 5760.04 1453.86 2475.86 5028.23 5377.62 3859.08 4431.09 2705.08 1160.33 7342.61 2426.57 2787.00 6158.81 5475.07 1872.98 5393.08 2825.82 3602.40 3881.35 3920.41 6137.89 5883.38 5096.91 2678.22 1982.12 
920.01 3177.22 6511.68 9662.37 4667.35 4309.54 5179.85 7535.07 7454.52 7298.66 3315.38 8510.34 6382.76 8676.46 4592.75 7763.59 2064.90 5799.18 4403.87 6378.87 6840.26 1459.32 9101.26 5744.99 5185.25 5042.11 5770.61 8019.83 7629.47 7699.10 8750.66 3779.65 1960.43 5266.39 0.00 8245.07 2043.67 3473.05 3206.41 4565.69 7651.75 3444.15 5183.93 2541.98 2437.20 9617.56 6593.09 7792.65 8701.94 3661.42 5050.32 7487.91 10815.32 7589.16 7670.38 4787.99 4234.93 4172.56 9859.91 1442.09 8737.32 5778.82 8805.21 3724.81 4728.97 6925.27 5120.86 2483.79 5191.58 9430.39 4360.16 2798.80 7307.33 1457.70 7423.45 5413.08 6817.45 4495.77 5539.69 3769.81 9030.97 3099.11 7297.70 7750.80 7067.74 8843.15 5910.95 4605.43 4289.07 3418.89 5115.28 2052.55 8969.75 3353.43 3486.69 4407.31 5974.66 3761.85 3946.00 2255.08 8519.50 5802.14 7503.20 5157.09 8912.14 7691.61 8044.74 7845.09 9089.24 4218.43 5180.73 7573.25 6851.96 6205.00 8566.39 8055.91 7561.53 8086.51 5541.61 6289.75 
8542.60 5094.04 6707.53 1756.63 8684.50 4068.65 3113.64 1618.25 2805.36 7715.70 8479.01 5616.48 6082.02 701.12 6208.95 1556.33 6233.77 7364.78 5789.71 5451.97 3674.25 8124.15 889.77 3640.74 3534.04 6348.48 5228.74 1722.29 7686.71 1041.01 4061.40 5689.86 8280.27 2985.68 8245.07 0.00 6202.62 6074.66 5287.35 5773.61 1065.92 5362.31 6020.34 9381.86 7787.24 1622.58 5239.70 1407.87 1453.53 5531.15 4225.53 2647.12 2571.37 2010.82 2109.17 4040.13 4012.87 4477.61 2313.22 7116.57 5893.88 3786.80 2611.60 4624.35 3581.81 1851.17 5465.39 7072.98 3059.58 1222.23 4059.28 8867.75 5680.63 8702.73 2071.39 7803.74 1815.75 7037.96 5883.61 4776.30 988.90 9535.06 4992.91 5813.50 4945.40 5314.32 3130.96 4379.50 8397.35 10726.28 4664.70 7508.95 2668.53 4975.13 10010.45 7961.07 2652.89 5196.90 7316.53 8113.21 2356.57 5841.62 1819.27 3329.24 7767.33 572.35 563.73 6784.58 4722.25 4395.19 7252.05 2381.52 4068.40 5327.27 2412.12 6613.53 6591.87 5074.75 4451.12 3052.90 
